	FIX-1 : NUMT=1	FIX-2 : NUMT=1	FIX-1 : NUMT=2	FIX-2 : NUMT=2	FIX-1 : NUMT=4	FIX-2 : NUMT=4	
1	  143.60	  150.38	  108.19	  302.64	  123.79	  495.47	
2	  134.46	  152.15	  106.92	  303.75	  142.20	  398.21	
3	  151.37	  154.08	  151.57	  298.71	  156.59	  518.48	
4	  143.35	  158.48	  201.27	  305.78	  175.22	  595.67	
5	  134.03	  155.43	  215.55	  306.64	  210.90	  590.29	
6	  134.91	  154.92	  223.88	  313.90	  215.75	  599.33	
7	  156.73	  156.95	  305.67	  305.78	  294.97	  600.75	
8	  141.18	  153.19	  283.21	  308.37	  228.53	  435.53	
9	  138.79	  147.18	  237.48	  238.77	  182.33	  516.57	
10	  129.15	  149.77	  260.00	  297.29	  195.67	  544.13	
11	  133.54	  138.77	  244.35	  275.69	  221.15	  603.01	
12	  126.88	  146.26	  249.45	  310.86	  289.32	  406.85	
13	  137.81	  158.48	  231.66	  308.83	  414.26	  601.21	
14	  130.76	  147.76	  179.69	  285.67	  387.70	  430.25	
15	  151.93	  139.06	  313.00	  206.05	  402.61	  506.01	
